0,00055 0,00035 0,00035 
0,0002 0,00085 0,0007 
0 0,0013 0,001 
0 0,00015 0,0002 
0 0,0002 0,0003 
0,00075 0,0006 0,0008 
0,00055 0,00045 0,00045 
0,0001 0,0002 5e-05 


0,0006 0,00065 0,0005 
0,0009 0,0028 0,0033 
0 0,0032 0,00255 
0,00015 0,00065 0,0006 
0 0,00065 0,0004 
0,0007 0,00085 0,0005 
0,00095 0,0012 0,00085 
0,00045 0,0005 0,0001 


0,0017 0,00155 0,00125 
0,0012 0,0039 0,00335 
0 0,0045 0,0039 
5e-05 0,0012 0,0007 
0 0,00145 0,0008 
0,00135 0,0019 0,00115 
0,0013 0,001 0,00115 
0,00065 0,00065 0,00015 


0,0012 0,00125 0,0015 
0,0011 0,0037 0,0033 
0 0,00375 0,00375 
0 0,00115 0,00075 
0 0,0013 0,0007 
0,00135 0,0012 0,00155 
0,00155 0,0015 0,0017 
0,0008 0,001 5e-05 


0,00145 0,00165 0,0017 
0,0016 0,005 0,00445 
0 0,00505 0,0048 
5e-05 0,0016 0,00085 
0 0,00215 0,001 
0,0021 0,0018 0,00225 
0,0019 0,0019 0,0022 
0,00155 0,00135 5e-05 


0,00205 0,00225 0,0023 
0,00215 0,0067 0,0056 
0 0,00655 0,0062 
0,0001 0,0023 0,0013 
0 0,0027 0,0015 
0,00235 0,0024 0,00255 
0,003 0,0027 0,0024 
0,0017 0,00185 0,00015 


0,0027 0,00285 0,00275 
0,00235 0,0086 0,00745 
0 0,00885 0,0086 
5e-05 0,00285 0,00155 
0 0,00325 0,00185 
0,0032 0,0031 0,00315 
0,00325 0,00305 0,00305 
0,0021 0,00225 0,0002 


0,0034 0,00325 0,00365 
0,0033 0,0106 0,00925 
0 0,01095 0,0107 
5e-05 0,00355 0,00195 
0 0,0043 0,0022 
0,0038 0,004 0,00415 
0,0038 0,0041 0,00365 
0,0028 0,00255 0,0002 


0,00445 0,00435 0,0045 
0,00445 0,0128 0,01185 
0 0,01385 0,01335 
5e-05 0,0036 0,002 
0 0,00555 0,00295 
0,00435 0,0047 0,00455 
0,00465 0,0048 0,0048 
0,0038 0,0038 0,00015 


0,0049 0,00475 0,0051 
0,0048 0,0159 0,0145 
5e-05 0,01585 0,01555 
0,00015 0,00475 0,003 
5e-05 0,0067 0,0032 
0,00525 0,00525 0,0055 
0,00535 0,00525 0,00585 
0,0044 0,0045 0,00025 


0,00685 0,0072 0,00695 
0,006 0,01915 0,01655 
0 0,0211 0,0212 
0,0001 0,0059 0,003 
0 0,0083 0,00415 
0,0069 0,00715 0,0077 
0,0077 0,00695 0,0083 
0,005 0,00505 0,0002 


0,00735 0,0071 0,0071 
0,00685 0,02175 0,0201 
0 0,02185 0,022 
0,0001 0,00675 0,0036 
0 0,0098 0,005 
0,009 0,00965 0,00945 
0,0194 0,0201 0,01845 
0,0068 0,00685 0,00025 


0,0093 0,009 0,00885 
0,0088 0,0269 0,02445 
0 0,02615 0,02425 
0,0001 0,00945 0,00505 
5e-05 0,0131 0,00675 
0,009 0,0091 0,009 
0,01115 0,0106 0,0109 
0,00725 0,0071 0,00035 


